1239423
3084341
3409833
1019918
245970
613338
158443
325030
1565627
2397174
1386485
1642571
1161883
3436233
384458
2901744
2184643
775790
615975
96545
2211641
2547084
2064213
22936
1693369
1600
871505
28588
73973
1248348
31470
419990
43325
1192677
100418
72837
1594173
204549
16820
8507
882154
96221
311912
959743
330132
354412
558712
575927
19844
435391
48106
190865
191853
817506
309460
222534
283304
45066
476329
696014
410606
220626
240491
411983
236873
35973
337599
248011
620754
148590
382698
71118
73087
182019
462421
494639
111890
642402
123145
311907
10666
151018
139096
138101
277730
40854
405993
108680
124322
344927
18144
16563
100208
246521
17729
43715
168231
429815
255091
83519
15486
11680
270136
145168
42154
124025
271244
148424
91308
170727
341837
272554
563557
99975
89244
294785
359377
296604
209336
55142
18487
128098
472506
230155
225389
83908
279625
501296
59654
91488
306492
59963
348840
9541
261198
230667
455120
85500
26708
268601
165047
87428
123889
427118
421266
155088
198102
123131
494815
311398
17136
12185
50534
431654
1200
311565
391336
53209
56307
432854
130852
129992
361562
114595
131687
170651
509304
515924
73734
457595
168759
361681
135783
109583
380958
89388
525393
97323
387511
324375
33275
126544
700845
179512
110370
72196
281863
146176
115940
77566
3904
80174
54412
99015
14770
287515
316951
11319
127314
209924
316675
181580
571828
18055
15694
447159
390859
283992
283168
151498
157872
141288
226354
217318
51249
138238
33849
158098
28016
236140
20169
51578
203633
466635
47029
124402
10973
32273
301978
25036
382331
259638
65886
312317
23940
85920
311138
83256
43191
93718
110262
25446
350921
17107
53980
400399
32499
212046
473645
207730
246730
581863
181169
51686
6070
14746
516059
65503
173534
389725
22184
127362
143651
166764
280969
170460
64076
222166
68926
448691
216634
13223
463991
42892
397590
243654
184471
155719
151973
472458
9692
127778
16056
207680
126790
326414
270357
433087
133355
30615
201902
179464
286837
111205
164684
190679
72150
540206
338704
410006
147089
21875
296951
61684
475836
316
92369
353494
32637
362388
179409
1852
441573
298915
41700
434278
178034
212256
299919
22318
18522
156258
78135
370559
80138
101440
78187
36263
4569
302323
162464
142569
444854
404192
124309
170744
311870
306234
261325
365815
228798
344086
12191
315795
241520
276102
17159
161367
119762
345987
77298
265971
67722
159962
231640
293530
303632
58122
315226
75284
94141
90289
314654
349104
238048
510790
275194
238027
65284
19084
45554
164263
27281
265678
482784
20583
4677
94960
23005
456997
308606
336430
265688
128005
401724
51439
281784
12923
525336
410314
456376
267887
316050
44633
173132
15063
28445
232806
358550
143110
245568
331392
80004
263375
64648
31697
89113
53601
116830
290803
22896
26208
340669
28054
55174
150097
672
263221
59127
39679
317295
263549
257439
14147
36694
126708
234891
311352
111352
47233
227174
303331
45381
193727
55190
324956
33756
50314
16187
17958
249217
202191
146128
59666
213245
148308
56481
368262
3881
59224
259522
164149
5955
129672
25566
153180
134489
391166
107343
175658
145578
49171
174430
19443
37591
367152
254489
26572
12179
5881
322165
332420
65977
111572
113721
33861
8545
395440
302915
78587
216722
46894
291007
357236
114455
193590
290386
32580
286004
293488
28268
53687
42523
51234
344455
111559
136499
9856
184431
298744
263214
128498
80796
258359
43440
11262
228233
154013
72600
76656
225590
6531
25346
5850
82338
12402
55401
45030
233225
145879
63991
155775
97545
147312
82697
3963
90688
88942
118739
27272
283908
50309
170275
174117
321147
74780
152924
139118
3362
203131
31982
233075
65443
55589
109342
167212
75092
341477
25030
135854
128328
36577
242927
72236
264313
20170
103383
8419
55961
277852
300793
21070
35733
89783
125445
62715
207161
251401
80435
273154
80400
100115
446004
122786
177097
174417
213891
64734
228204
36718
60041
12856
17828
262494
166253
10081
40114
138797
150001
64307
109543
58687
239315
24506
238076
135735
209794
67438
193518
1694
21849
62320
163290
106720
225324
66763
395412
276853
50809
5587
111560
18436
37693
222254
242784
97714
162054
258112
93063
197606
55420
167934
219965
107087
198130
7522
71001
198472
207731
173883
259043
25390
30210
181176
58913
24523
64365
13200
271932
182847
31447
244866
100588
1847
92153
196529
20060
270706
59552
3224
156193
59659
138708
55841
235606
88603
199426
277058
43099
151527
32867
195616
192504
90663
120011
164847
242018
220039
36611
250947
184934
131813
38458
234386
209930
139503
247051
31218
107520
197525
202453
43030
57752
187987
203154
190781
269682
183127
256157
53133
115626
46303
265651
188872
280461
166977
148983
268242
294606
105781
59773
67568
56421
206529
41102
170445
182466
138156
267489
47971
112892
96644
279792
256070
87530
94917
331375
27307
72737
240515
231124
86824
93872
40033
73449
285196
75620
215128
157481
324414
49819
33333
288779
26720
139418
47050
143115
81247
48448
61172
410836
141961
36036
15721
259175
12464
160319
304354
293923
101752
254156
11047
31308
30462
113874
330603
75426
248105
1026
316426
227360
280415
212192
171016
165270
320072
137291
98338
295062
202720
298524
210005
424292
205
27348
69326
48041
152973
190498
162172
92261
282423
175064
33926
254129
23097
221889
174384
43797
125029
217795
258856
18793
89703
36487
115971
258100
176861
148389
123466
168772
207089
33982
351313
38952
108350
62730
211150
3024
252833
54594
218219
207718
179335
121134
136112
106924
132698
225628
49031
351817
268595
82752
166804
20246
20601
246611
210528
336976
166002
89466
270405
33324
185220
29765
148436
256897
30698
7547
45001
168893
64716
28868
76222
127804
269183
39138
264700
31466
81495
272148
273157
110853
64472
187523
156224
67850
80889
189147
53793
174648
110677
122044
136894
49381
98338
117844
149494
238143
225164
59156
9441
99039
160970
39107
101005
82400
99043
74999
107161
190177
116862
101870
166901
125156
177336
162904
4343
27439
52482
58674
119018
172712
45918
201037
223330
32482
141170
309852
3409
64494
69135
93940
71428
85116
121604
288006
146697
113055
129120
74227
10105
41588
186578
93313
129441
119435
52090
67988
79475
109576
47953
132661
30845
33159
182264
74202
12023
10227
44695
60510
28678
783
207139
53815
97706
130681
95332
232130
85242
44377
101455
123740
95030
7126
156290
361505
1392
81921
186944
17571
101131
19190
21465
26191
72193
93107
204753
235163
231431
54337
81799
49787
210551
108994
71278
93813
254654
99004
63547
155483
113757
283846
75474
84296
233834
8897
122886
292127
159047
80936
12165
196437
173584
48098
140964
74599
322534
8846
275029
150213
205906
104575
12813
247099
222324
276288
148321
56680
12023
130870
128026
14290
150817
61909
52403
17088
163984
19106
8898
20576
262698
228937
316761
192037
158594
111409
189555
274244
9622
40841
144245
20098
128348
76993
299400
255194
114911
42396
26876
281360
76408
163931
232622
144843
21922
111650
42509
41788
346252
107148
24177
160282
142113
88963
57402
142257
97517
9874
52210
62906
14781
157557
13929
41324
88698
212503
66162
71159
41191
28725
117278
126631
56470
111460
14912
14542
266592
61999
128839
41113
132052
44667
116948
109903
80320
71029
48926
43486
63897
168599
184481
180564
90968
126965
176032
17989
116615
58885
98956
187857
3102
29532
10315
125329
86691
135206
198237
72434
89982
128808
167606
179521
145985
100066
23399
16926
163375
10757
15533
9550
6596
98330
89890
13184
42285
58845
59745
65420
77521
131816
29044
74478
9524
1768
29766
61283
129475
5593
527
55191
100603
85691
34097
86644
17483
127660
1249
122630
95167
37360
26102
15510
24598
26536
86433
6315
129012
47267
4131
48643
87013
160969
54123
20433
57249
697
6384
105420
10575
132521
39730
41694
14112
48331
166709
80889
23370
46929
30738
44351
123045
172795
118099
64086
104419
185917
13516
5618
61992
16666
15813
79792
13366
86560
55089
50695
8546
172119
9550
37278
144193
5783
74435
111653
131070
47062
10791
2512
73517
63320
629
77864
45049
35057
22465
64244
71946
25922
67909
63522
87462
187020
164144
130182
51854
528
14041
14448
95708
13679
142307
70644
86386
19446
104987
29664
57830
18251
34465
31625
33064
8965
15830
11267
66069
82775
85670
95205
224450
20706
55783
155448
186345
69584
126351
21493
2206
70450
90931
25397
209612
697
87160
45631
