940796
6105239
6205321
5113267
15204931
6675385
16444440
864485
3215931
884072
2498541
5854026
229593
458849
315229
72446
87257
128477
281894
194596
2505074
122143
1031659
157089
1744609
2404381
1847819
1486558
329894
260936
18868
1614787
224133
1323378
95332
1406005
239721
1080923
1508146
808762
137899
903080
1109189
107518
654735
19270
324208
187914
80156
143969
83468
491102
228466
546038
827835
224838
348271
109456
62797
774905
593790
206597
16008
824396
1375288
266635
520764
1141634
374438
372477
1754004
133163
1193235
454410
659951
768476
1573894
368787
243392
126629
97348
936265
378522
711206
488945
446877
444037
1012208
538749
116266
815722
35269
502617
533261
320548
48980
126668
456327
618650
201245
208963
631199
73872
197120
58358
294411
143681
376
510088
350115
52240
925431
376735
1089609
179673
215131
2726
4108
19551
32348
976
30912
133433
64009
972
10646
194003
47444
988
104312
2047
83377
12570
9994
388
67129
54341
8597
6451
93455
120175
69105
70619
11692
239607
359403
284007
127616
23433
13057
5347
197762
33062
500
136582
41218
502867
131141
95328
29992
9306
68680
484827
133136
17227
204
8
8
42033
66342
119504
35445
16496
305427
179367
309930
123474
89752
241358
147567
283037
6847
6271
258541
3984
92915
337630
45653
84372
80411
39012
132917
33130
15201
112777
86659
4917
510
156875
5718
20188
64882
41347
68612
318937
8633
118686
286405
5218
6086
104540
79798
17509
73584
61825
54222
42
118
19276
14321
139393
10184
131652
15396
308024
103501
11279
403021
21933
82500
186566
131393
3036
272273
52198
81137
26840
347875
95065
83058
90107
9747
123694
96203
184510
8361
110950
310072
44685
21125
19649
90489
56932
126682
80314
98647
2181
14003
225560
95374
63986
26828
9221
59167
4712
175426
33698
45379
57656
3950
53464
18028
64951
161788
89841
8428
136011
171136
95257
6411
152675
58772
5613
952
35592
9700
5986
16004
5220
746
1197
22186
23396
6803
22724
3536
17951
13417
5706
6414
105689
4293
16920
29225
12547
4436
45461
9498
19453
95105
28854
5945
12138
13292
20261
90457
2089
9522
22657
62801
129078
21542
7131
16286
11230
994
4195
11182
19446
13974
2726
19843
26629
6162
34585
6344
3470
36876
56959
35922
80253
19591
15809
11361
102976
12191
8792
75386
48631
10352
19072
59438
40788
33266
35018
41851
101047
18809
11011
2877
39289
929
28369
23991
1819
3700
22872
79444
133905
92277
29923
39300
62095
1374
28548
32734
14895
52198
1285
59600
44495
25048
29904
5414
221
7747
31296
23126
18260
68852
31083
8965
13814
12683
2505
4495
9462
3989
22430
57932
19394
59516
15231
35157
1288
16466
12615
2027
13390
2201
18785
6115
124884
41184
36052
6024
129235
12905
38744
4553
38741
37358
14802
17739
11103
34608
12604
45324
38904
11905
13907
1199
51509
41979
5909
103490
13134
52545
140445
67487
34326
24595
119
13377
1503
58453
92192
8841
39259
14023
4238
9984
27114
29549
28577
97692
104510
20472
20918
72696
135716
8862
42222
8379
14954
190919
108288
82899
16433
64659
728
2197
83463
12939
13581
82744
8585
17740
26927
1563
7787
5830
17329
4879
77645
48586
15472
89623
57538
27643
151694
53334
37397
35413
131932
13409
3276
60560
17343
94089
189659
22599
88540
50932
100449
22645
141561
164042
6999
53917
110622
5729
52077
7707
7674
35972
64278
18078
14549
94474
23707
31470
108
104488
4166
56698
61243
42314
28052
23966
81833
4032
14287
33705
120072
52137
49410
40582
78246
42423
60021
46653
9794
12348
9946
20
53790
87139
61824
20415
71952
94387
66814
39873
39631
37798
91271
20071
37478
173
20552
7609
37258
55297
22424
8481
4748
32194
127589
94562
15904
28050
4402
8
430
17088
47604
49917
43295
398
49931
44531
62102
9404
16245
2952
68011
56932
21366
61039
43583
38543
33382
31136
67608
43521
8526
14101
42033
70635
108005
38008
7589
83216
4904
37597
26061
16649
36303
8825
44958
58622
4058
61099
98825
50836
17874
43993
13336
12392
43352
19819
27305
9522
21325
41241
26812
2800
48743
71951
53526
78009
27943
5577
51816
26420
11719
77118
78441
5952
64373
40593
32217
10881
6014
1260
25941
102097
49923
27328
80857
31548
9678
28601
86725
29104
26014
19029
32952
24179
234
5402
10717
26667
13509
454
11231
5989
45554
58354
11193
71959
15196
39071
40848
2682
15044
81029
24574
72384
28414
39137
23003
392
20417
31044
4974
46
42986
14525
5749
27198
8375
30934
4763
40322
13786
570
12679
849
42574
27991
7944
48305
20926
43124
47808
35989
39028
35676
25432
41086
65683
34975
13559
3816
44260
11438
18739
36373
5689
29791
3120
14342
41546
8312
60678
15131
103354
29916
7123
25348
86
2185
44018
11789
27115
7014
7775
72485
29639
14267
10396
59351
2888
20365
58264
7605
85315
19034
58630
9085
85746
60418
34247
73886
64523
40415
3808
45588
9624
33004
781
141574
87609
69349
47829
85515
92129
26594
82592
42350
16411
27978
19506
54113
5818
71480
13128
19986
111153
83790
43110
140490
6691
25799
52060
76862
27512
100982
78063
156847
108763
16179
21722
12777
12014
46848
54231
109741
32980
103394
47775
28429
31921
25447
32985
3945
48150
26483
43405
21988
117176
5941
60284
13825
21204
70057
42989
6653
13228
8956
12074
9945
53332
24961
5035
120895
33531
46563
2830
15445
5006
116688
125468
59489
26242
160102
119276
84347
8657
105739
49891
31493
96324
34178
65336
40059
34464
6978
37777
25033
1287
4809
8768
78922
25637
27800
64333
21915
42168
7169
22215
20180
66590
2664
34385
7890
103636
5189
71448
601
75835
18795
37363
36991
4131
17603
6623
10418
26190
42177
64547
32130
34037
468
35513
15164
13537
76904
7196
11182
35943
2690
22152
11299
30256
63128
24896
15070
90
17846
32912
89206
40274
64544
47080
32646
12180
44049
25191
180
62980
8530
12048
23038
62534
64422
65143
15145
49895
9553
36837
23013
58105
12605
65527
74191
12815
6974
3327
6889
13170
1771
31320
80721
41714
21528
47907
2842
30258
21222
71095
25306
2
34598
14962
35706
89804
68790
45319
43908
22895
22692
28335
81383
42829
22893
40252
19960
72680
15401
51981
48041
8481
5107
29040
21333
20856
107905
79100
12326
32626
5766
43819
115267
27142
91778
3008
28441
27050
71074
34151
16896
82645
30574
46478
10019
122241
38212
15061
48991
17381
424
112428
67207
6456
13663
95767
25734
72113
82044
12079
6337
61962
73081
18301
25733
4473
21472
66093
8503
44626
26349
39422
58264
77708
6983
84583
10613
36544
25688
23611
38628
59435
67857
74467
5267
68383
8530
5623
12234
108825
8002
64321
38237
90158
18129
11866
15090
6239
3251
17953
46608
75137
109512
74771
85007
49026
874
107898
12631
91245
57666
11168
36136
79011
5447
8913
7135
58883
14501
61719
22919
145424
46403
6830
8864
92156
108311
4481
2321
45575
51715
96225
16011
46149
87687
13086
2711
77329
5823
133953
73050
59063
38386
135820
10878
5950
63052
97665
28104
104104
146138
38856
77164
40739
103444
109751
83966
7858
2890
7922
65227
102508
33535
11719
30465
38433
78814
129405
105483
95231
4521
60150
4370
48909
104652
69697
38742
76584
103734
24325
115344
36324
40066
33519
27764
7192
18668
7742
135452
22414
111565
120040
43997
10182
33843
99448
4522
122007
74130
34252
38035
133416
89632
82637
8240
100577
25408
127001
38223
4285
4643
10237
32093
22974
12828
76419
2894
74343
17038
51499
38367
20565
32471
66805
24921
23867
125993
8018
44318
52011
34890
22775
12372
54784
1946
47344
2915
92342
82101
840
80698
96766
37992
37441
61043
14379
77382
14797
45908
25913
37131
93214
14961
107466
79746
1746
62958
73858
77450
50204
12045
8750
99594
77740
20691
30536
44283
27033
18510
504
7791
77612
23197
17384
40457
6729
86680
50273
16813
32578
10612
26718
61751
30962
17730
6411
11281
26783
113265
79192
22875
22716
1599
95788
7125
16892
63726
3255
2458
10158
16664
11256
40396
446
24625
73836
53550
252
8398
8498
10466
33716
46917
6700
59878
50896
41393
14885
51435
132718
20891
59652
38544
30180
49740
19690
70294
84806
11790
4134
8846
60998
23963
2169
10484
31348
105258
31161
17435
8322
46810
85573
3369
116512
17126
170
24623
5902
2662
75063
57578
21349
24735
64258
27579
8004
99676
224
6605
15512
29567
79127
1140
35913
39973
5872
15870
13220
5379
13837
12862
53718
35511
18278
2332
31180
1149
30578
24939
67132
53713
12666
12310
77659
59808
93262
123800
20162
66665
64990
78336
89335
101734
110997
94725
142185
79198
63043
156896
11910
4124
82478
142409
185023
179728
117860
71912
35913
180383
26769
138428
452
4202
75701
60836
199551
38317
105178
33880
120550
93847
102932
3647
43827
17653
13342
18104
56157
4556
8937
31182
102280
29174
54507
54516
35030
17137
16801
26983
2765
29053
21352
69333
77102
70944
4405
57880
6557
4729
11582
9354
47355
2866
13575
21518
18413
73708
91072
13077
430
14120
17148
17871
15763
15135
11943
78823
27718
16994
35764
11453
129923
14110
62585
32962
124906
101066
27626
22569
11508
117999
2134
1994
128738
5502
12335
26264
20066
11648
9659
5278
89235
60
111074
26173
1282
14798
32701
22231
9254
4605
3776
18321
9427
47187
84798
5708
29124
23943
5226
5919
10842
10204
13713
15315
30610
60895
38905
10579
24639
16650
5862
6001
25316
9734
112632
17061
63296
34839
22946
34246
102297
38694
3058
7156
34526
34445
3758
43597
6333
99924
43173
26038
12838
3340
70231
27994
74034
206
12297
16475
82109
31166
49714
47015
122255
57928
16625
1854
40252
33059
85724
1314
28320
1046
51556
394
34230
10769
11358
8415
18314
490
23274
10465
44017
5518
6508
48933
90235
103572
33171
57246
52811
62051
41682
18791
89599
3309
29051
15235
1768
18615
14940
37274
29518
48958
34132
11778
11671
4387
1214
1763
43752
50099
34172
18778
61745
1999
1945
38306
2777
31493
67465
54410
23024
58443
6259
46504
22935
93210
23421
13388
8565
132479
47875
77309
58924
38030
47307
67686
50023
56139
32022
57602
371
18700
9747
2195
102116
34864
73169
55960
118485
24331
66768
9970
27624
32035
9661
42524
15317
19392
37525
23438
2119
128930
38327
40804
15938
49135
14259
27394
13579
53419
25033
91118
39385
7023
104906
63633
85744
37321
12147
8254
27737
11428
76040
27395
49459
53687
45087
61934
57741
21086
826
58208
33659
13012
71997
99643
20570
37020
50109
14481
26167
10196
103648
68278
40676
29132
13451
25497
66444
47816
24057
62810
74717
43684
120613
24850
128434
96990
25594
70718
18119
1014
8063
47972
132641
97418
82531
47074
22000
37451
4405
38538
2213
49284
26782
12819
70122
140785
41125
17126
52990
24831
153799
104904
93481
118071
174057
133558
82235
69583
21381
45418
58059
140609
27521
56633
82946
14981
5993
16157
82223
19901
59756
36396
2905
91680
91441
33717
86269
16751
16769
3943
35404
96503
17133
86625
38136
11301
29968
89948
19970
90408
77792
28207
79582
97750
22560
20548
94847
18809
102485
22284
24902
65301
25172
118331
70750
80151
19103
70347
95546
5527
46029
39556
35032
58756
27329
37983
15420
29959
73265
21697
26795
14979
9398
21771
133840
84398
26114
109526
79044
23965
142533
27469
40676
114474
7586
47635
57333
847
48941
25794
7395
25096
88932
110
15736
46055
6688
39734
11597
67957
16162
32953
20950
20337
98949
71655
1447
9848
72584
1239
51454
24865
23478
66423
30182
39547
28235
3244
40944
47270
19151
51388
81249
14028
5575
58181
1356
66159
70564
55176
11616
20902
2569
40204
15310
23538
65927
24822
30254
16346
1107
45825
22723
38760
60938
9578
10695
2291
17552
14618
7129
21990
50467
56556
14138
15133
42176
32931
62532
34229
32111
11407
44134
23259
5457
4392
7297
12439
13415
15598
14477
39752
14042
17121
46250
10721
3383
22628
56996
28727
1374
4478
24492
55380
8181
61100
93424
61139
33633
92472
1279
68667
57851
41333
35212
4254
9962
21618
5103
35697
25001
3552
8022
50980
23795
3406
3257
42502
24574
76976
1411
18280
17075
75039
8668
55417
27428
10821
27873
7137
1994
58861
14517
41477
26904
55187
35320
4139
84737
17253
1143
77476
49109
112
35184
89079
31243
55642
23928
29674
7491
66931
40273
18295
34811
84871
24852
43320
44854
2322
20334
58982
54970
95815
67422
17433
24389
35548
49837
50505
4812
12798
97942
27145
58053
24820
4020
46072
116811
20243
74728
86919
93026
101461
64197
195414
10319
123943
136497
182726
134497
68351
63264
95569
83570
8890
17772
57683
12579
9341
32428
43711
35405
20063
55968
18851
161203
49179
66368
17423
73050
77978
50252
17014
91891
58010
169463
113566
28887
474
30715
95946
15411
147927
91772
6471
105029
75522
47938
152390
146368
105748
44850
25862
17695
92239
84969
81282
121608
44538
155714
5570
44912
65016
29563
20115
4309
123579
4447
37559
40163
53549
32391
78543
4681
52362
23507
50884
29979
200304
81716
63471
69346
52529
47696
34118
101677
78780
63636
78006
15932
75793
71941
1684
28821
12881
57294
10113
44391
59169
15069
156676
192833
36250
104289
43531
5845
4433
85762
106900
85402
41905
56600
34521
26368
161182
20126
70203
63346
88458
66011
41647
79008
40566
52867
93967
54195
25232
72312
128649
23766
6402
58695
143930
17860
91729
23429
85517
19874
56397
9113
81865
31384
28629
121707
23666
68580
66676
30747
5024
5833
48381
2741
29215
66611
36420
35047
9832
2269
122738
122500
32696
80190
103059
69374
122652
195482
45609
23149
71591
1953
29448
72225
13438
188635
62426
28435
22891
101439
70447
181531
37791
53595
9722
27808
72389
69354
59385
3542
130083
78357
52616
26295
164456
26329
40976
53046
71065
35105
94012
49229
140954
11877
120952
38460
21735
33220
45817
19645
42788
40165
59334
53004
156515
940
1780
182061
187149
15906
79779
46631
13444
56966
202433
26650
129496
93577
49869
16969
75955
49816
29602
102155
91260
31974
50000
87178
123965
47529
46892
56544
53643
84782
48321
13536
87820
52622
5329
49936
50166
55331
53622
168851
72560
42930
44474
8578
5601
15876
63471
43851
25000
86276
17254
22020
43303
13462
27722
52564
8581
52342
34275
37081
26132
3297
95847
60199
71998
59497
1332
163730
66257
24353
76044
50212
496
5374
47449
136266
85868
78874
45251
62525
55610
2387
23358
58258
86698
58897
847
34895
45615
83230
12877
35242
6802
25166
50058
73733
130883
78865
24150
73477
32762
31884
261
26541
103663
87736
80268
14151
11219
2294
55747
30631
50629
52869
25949
9471
15621
20047
8113
1262
14547
11285
1808
53656
30047
90739
26439
39540
24181
3855
57970
51890
80355
46680
15051
1014
59428
21305
24683
155091
54037
95039
50825
171230
66192
10185
49932
57878
7573
110335
98196
36383
43066
20070
57048
18044
78935
26791
102500
10085
72403
19237
1571
16768
19354
70325
65613
28087
17131
83909
159532
29168
36396
74026
82520
82602
56875
8151
73075
17923
96548
13794
83790
50627
14452
36806
4216
28144
123920
82929
83878
95632
59221
8518
61556
132763
34958
7438
67861
14112
23806
18622
58986
60775
52392
83103
48020
27267
7396
29936
30259
19344
91538
5689
22522
127897
86874
30301
68505
64609
2569
35128
15600
74761
40696
21516
7853
120794
32380
83691
4049
13285
7884
13086
27366
12202
109997
94996
