11653731
1196118
107979
1768050
984195
1544793
377155
610934
1734301
15079
989188
1166329
296749
2457393
342104
524529
1249085
1154243
1151955
7708
28867
272881
1309884
1028004
1308950
984877
13019
539447
684630
283562
330680
1501982
2299123
1846532
1277164
285004
891142
1687938
997695
1285687
881246
191041
405250
240746
1244198
2030873
1651117
371105
3153497
326408
23851
1548015
318951
870955
1005394
190469
363898
816026
458215
468360
1304578
11536
443658
132421
842357
924001
1586247
856444
59843
483342
902121
319615
379358
611775
443706
359947
12201
1124612
9148
40984
112369
24149
252
121135
11340
386531
50338
11722
31107
82519
5796
307356
161913
183614
182805
31834
70961
82446
474583
701847
185466
41590
51038
3746
447554
392412
139351
24453
16840
164297
165493
54323
476267
71024
89594
164040
93375
111218
77884
151816
139603
188811
165373
103985
2009
137009
126561
53389
555966
219174
12573
110482
95122
97260
139097
176945
158640
27525
12880
31998
145788
23089
17957
3353
7536
373919
93527
111687
155601
377650
102352
21900
198419
113400
194834
62994
109785
204189
103498
31167
62431
112542
182685
147197
12030
63995
33271
129789
27338
9650
67726
99516
100712
106428
56041
106717
21714
315
13889
347603
7098
50376
45354
127557
54743
559849
274742
59519
229199
137805
251874
91263
124855
69144
1432
106578
363766
136407
35326
116417
97899
224317
220490
142733
8961
439
172253
40294
37226
39648
48496
434975
32788
260667
177447
44061
18846
238197
161900
91597
542476
193575
192322
125729
237311
185924
58196
9667
61969
69589
186754
127929
6648
143710
88615
18119
289454
217949
19136
327477
98540
168780
94795
475085
165728
30481
82103
36567
132108
128335
143282
93691
187564
431416
177014
257469
67512
21106
48038
1214
225270
137792
309853
253433
112142
36280
76632
5168
79412
44243
248864
3802
112051
72872
236468
198408
65933
160398
143416
313390
130163
126624
175232
317619
56383
60020
215032
19623
244288
40405
170640
230372
39164
20951
170094
9704
101648
12229
37807
46502
171341
199738
145411
52923
104928
138226
78457
17214
15989
85833
108733
85758
188200
79780
13259
26733
149688
63650
184755
118665
23931
21440
216453
30205
175684
198300
99164
174062
57952
25669
179119
233491
40681
9494
88803
9507
28434
93685
180748
36091
38385
142904
139064
86537
138264
96027
161977
247322
134305
29671
51055
175211
77083
17216
85464
103328
171343
47166
75907
55091
3351
137060
61432
79276
1258
134135
9148
109193
7889
169096
43800
147145
179389
90261
48063
107255
219239
19256
51754
100982
8
93515
29648
183314
24692
113051
23574
164448
63921
95930
12874
10810
76320
184994
223719
208720
189426
8394
113261
254477
184801
17846
923
68195
279592
1218
19499
230257
61251
127325
264804
129192
29829
116776
184997
68590
66656
188164
77612
198447
31858
156078
6391
50336
263573
196732
180013
159380
187020
8034
53726
10364
254310
72502
184300
249518
190076
139539
125435
216314
68371
227634
175440
64567
217666
149769
52146
128262
319037
17877
38209
110080
109759
82978
6863
68666
4650
157922
37674
92847
242572
160842
182069
46844
172477
45370
92236
91610
30246
25186
88241
91403
104146
53278
25141
169137
12469
71988
108882
75943
6625
101605
196687
285173
17804
69296
325546
225247
72753
73454
59940
34662
67783
64733
319002
41579
151328
180994
119106
42653
31633
240695
294037
163697
43286
38624
227010
69902
214007
188507
24779
36543
31042
113547
124928
124130
20791
145686
92599
38866
327438
21075
287605
3683
197111
80677
202579
65848
1080
99784
139098
96759
130326
129960
183700
14443
105123
85708
170973
54300
95335
312723
76779
147937
145624
259107
66525
120834
40838
208400
79182
65575
53686
135342
7235
49613
155537
38404
63194
132735
99178
32965
222648
7078
2554
44959
71152
30411
62888
5373
61985
24404
35945
114173
147864
239624
91852
128971
100262
71093
137240
9958
30445
195666
69378
245827
196479
132235
5263
14035
64898
68498
62369
62869
27669
37779
257525
30900
126428
111478
208187
210865
45002
291081
262028
149176
160920
21920
75425
48008
48506
3190
58760
196528
57793
50712
238031
58012
57930
97037
110097
132177
148350
104313
233751
221488
158405
20122
230487
155725
175227
106505
27356
50074
101100
43373
179542
125384
22638
223864
129199
4546
108139
237658
48491
231963
56721
8677
117197
95583
125353
107880
112044
160246
158384
70776
82400
2959
120111
50343
24167
175555
3271
1846
156484
25411
57067
42486
1827
308
215966
99538
25861
213250
157998
128790
33565
208560
19839
48170
144392
37722
108229
183851
165578
244533
14445
5596
88215
97208
157893
100571
111230
240498
366562
69500
200565
225136
186965
3946
38648
139937
39343
60859
116123
8347
65546
44541
183739
55034
76814
160934
20050
209311
95028
69268
121063
962
268861
214725
139260
182723
28445
237910
20147
59201
142916
172705
74246
50799
199135
71418
12495
139629
338591
7726
215845
301715
231094
34516
41977
275287
109725
4988
207539
37909
177139
51694
42112
173968
120247
113370
186411
140882
212473
267716
121111
15368
189905
47240
110867
22976
24444
111788
197074
18120
74460
102874
125509
170973
246258
46972
101313
136652
99250
20231
97027
107087
141974
156470
90602
113473
73689
86425
2343
221975
70367
192335
90371
98595
38348
49398
48090
73430
20124
4860
211058
2750
32365
166913
25627
40732
120036
126212
7723
35799
224313
130859
7726
244373
2480
300
32071
161348
55229
117371
91811
133801
18760
11879
120969
190119
10567
9924
106692
106588
52826
136537
20267
172030
231351
88651
14371
3448
212648
221442
9273
63270
177236
32070
27107
191366
245254
176399
39324
12839
33716
230804
59090
379648
56970
41589
163092
38162
48532
136577
180566
169228
46434
62596
37028
75407
101684
77516
232282
44558
44120
49187
138883
114257
219663
100521
66661
39268
173483
163072
13334
168816
159659
130078
11670
4971
9172
42250
36413
290749
26130
8822
176014
160596
174295
12385
108683
14652
60742
159734
56673
125147
152367
3975
6319
787
5649
22083
64942
9067
37989
63917
135827
93077
46904
101397
124382
181999
101075
74188
28629
141445
5970
55109
50605
144751
182807
126975
1917
19965
4242
15077
49568
184990
10623
93584
67327
47730
8202
72892
81558
50118
128415
145532
129039
90020
123809
53379
64042
82675
147758
12255
55861
54790
11649
37766
6560
8251
6825
139495
81134
21026
1626
48043
97276
93576
117127
59317
52409
39207
53195
86710
26345
153466
44572
27277
136703
33346
169342
130841
4716
79252
14224
15141
5841
709
138156
113260
7800
100418
11182
78584
6446
21440
163169
72416
165950
207904
107570
23674
222479
36944
292659
1391
124406
75460
171680
81422
142237
163035
124116
11754
29216
67699
227596
175953
5835
164600
164788
163423
68653
180828
111490
170648
11028
191829
167563
115282
10595
116355
8214
199238
17757
214179
87781
86034
185106
4143
229042
12667
185153
81266
24322
157085
59317
197337
132730
229448
85391
110324
37613
7172
73062
69028
123457
137890
63975
10939
53214
479
2222
36241
60594
70453
101310
158992
6891
40743
115703
101476
19466
150666
38854
33852
25468
92337
5132
29550
111979
70800
19452
163614
25922
69910
35997
46125
14386
92677
135053
81295
45900
124254
96161
137825
117687
79229
14870
177
26750
47379
90924
101444
23485
109624
3385
12156
93195
71650
15787
168044
139138
22812
5595
3865
86561
149287
41750
1597
39621
88562
79062
57945
2664
184871
132540
167207
196410
11031
72334
2355
160233
144362
92634
149269
23987
153560
10566
9302
65470
111711
99199
112722
41104
124411
53182
16468
6469
46326
142866
444
24855
29145
149486
21944
166256
33453
93210
112736
150057
17853
36192
87167
191545
7059
68682
124253
64388
81767
49192
45878
12705
116107
16256
68685
172139
74277
175450
27627
14859
2604
24059
2418
29698
48286
158293
102914
76864
13847
8799
122739
65780
10822
77437
207972
37912
44222
132850
69872
156496
114241
83779
65136
150255
177042
42097
157437
128763
131322
70320
110811
53046
68653
103908
151165
66562
36095
79884
19831
5707
39598
79089
155491
16808
1645
25093
132916
31590
107627
85237
5461
65310
36995
34716
167288
39357
31954
48013
24681
158381
2616
65540
137666
6877
28430
35955
179933
42475
128819
2312
147102
145329
93101
6317
96031
14474
57840
157075
50962
14526
159575
54852
86472
2702
29062
2499
136174
115863
52286
68568
139545
167038
72923
114595
134036
51368
41446
18102
176380
112473
152455
279
106686
176931
11270
47795
199246
26628
24255
19406
150748
59125
145724
127307
246550
56153
176834
76067
84548
31506
164178
78315
42824
91056
10043
81619
104892
9613
154970
53179
26267
85324
65520
113532
206686
44177
96529
64696
59379
92607
97282
7050
181544
122985
114979
38761
63176
9010
97257
64209
39113
44636
90565
210328
25062
43538
28077
68447
189810
80309
32145
43657
994
4203
99126
15527
140295
32177
94382
38195
94707
141183
84798
10510
152889
9105
169737
2477
31986
33227
7213
63326
152082
194032
140075
8468
181264
89571
74823
181975
9115
180400
47829
32586
12522
191285
73242
246764
6653
6112
84705
244517
214810
1498
21028
282
4768
11442
63986
21442
5250
90142
59136
8808
98540
10538
46650
5972
1108
4860
32833
30620
52215
20424
920
38598
10478
17593
71845
89345
25001
18154
58679
59393
8984
13871
47754
12154
16717
67928
12777
48997
45293
16115
2223
33525
32745
18152
3397
30820
10052
60
11201
3204
5817
8966
62521
31897
62356
3399
104780
