458099
2423228
7372615
9034451
9596370
2261080
4812218
1368535
6244681
8306500
3550580
2411559
2908277
2179474
4759801
3104785
1010582
1143045
3331418
3418801
2310849
3235113
3143915
2704548
3464812
2687878
798630
223617
353858
401846
1009833
546599
675826
1140297
249307
159253
84356
573028
947655
1044105
161358
181691
783422
549000
1840983
303428
376079
1041964
37883
566482
151481
1055570
67053
163976
450986
88537
273101
94515
136132
118813
10573
163498
195444
80886
1147682
258978
466649
844651
313417
639109
34013
56963
750612
93842
9152
768018
83450
235870
245626
772393
247728
600490
794466
187246
699567
317119
466446
279266
524929
448173
537856
431921
604198
268427
1233343
858674
109759
32378
9044
311621
412218
141132
443860
105707
57650
287240
230337
306169
194716
325941
399266
154084
847739
28871
1240420
212394
6328
1114748
387252
535978
592123
201837
291235
283124
128203
797881
327915
47225
779905
605916
324637
910302
505558
83866
652346
355163
448175
5968
270959
60522
475858
17829
151091
193758
356340
5184
135300
329502
130886
580800
84170
552086
284146
111626
265576
455425
87056
147641
793833
3814
256834
176524
56485
381932
394234
589185
652522
222866
568306
64418
318723
167067
599239
172085
62596
547575
195023
387102
380990
43687
243811
262875
906306
49203
422009
199148
63184
191756
138380
56650
163869
549485
744760
195573
139941
148917
7289
20777
303823
344983
333799
654289
150925
73788
176031
45919
150754
117299
238714
232725
445471
15641
42745
225916
582852
73908
40568
521779
231727
90655
207463
601000
470406
204795
9943
207508
264178
434167
274898
706456
169082
74859
297248
560653
238479
440515
192957
179340
324270
682670
184432
20419
202055
3500
87650
157949
207521
27021
111214
147486
131951
234640
365312
103760
476215
180196
182809
226472
125205
500088
546906
105802
92612
529861
190086
662004
131586
410139
28687
54226
329783
32713
249508
54585
218424
572403
155679
76880
290232
226149
24073
65643
47333
121033
113166
34321
27877
87108
230522
12270
140248
269676
24881
164735
111773
26325
116637
35224
85875
219173
514158
102780
31586
83454
17828
203502
38350
115361
10200
232316
100238
33971
22591
47152
75368
198650
108014
34232
70643
196191
366619
183361
125866
212173
98570
102990
153036
74660
105830
155987
162579
85563
88316
24866
4636
137190
45706
75313
63464
79486
40939
259113
184064
328651
158476
444855
248219
138245
7580
19730
211351
172975
143479
45476
167350
231273
98955
73550
261293
170037
64285
391879
419014
86908
130393
27428
27362
212956
71462
124230
158972
153032
51916
356064
74254
308917
537472
117826
233802
241510
471446
23779
46651
28096
46006
1377
309215
42011
282762
200879
10150
526164
75201
9081
64426
130483
106542
210856
196837
120992
336416
200725
73578
144555
117152
295155
152521
31302
105996
401806
81630
59084
53797
176748
235904
74276
31302
75387
180673
72635
10086
152822
203824
188766
119468
130860
133257
49958
111793
55182
12708
256502
72900
102838
108051
17198
178245
2196
2397
93976
30649
64709
1175
234638
15588
339703
38737
15889
150072
210161
159495
73317
86428
10631
53277
76887
106374
63810
74562
248439
224386
76115
126860
233739
70624
177191
205938
79857
63929
292495
7584
47924
182369
246733
269622
56155
82705
2532
129446
399669
101402
77726
175290
8480
134553
62786
25377
68200
108432
265858
25056
124224
193646
223189
184525
262912
89486
78575
129237
244070
128749
32355
58018
152956
310164
115070
61166
179898
17412
183659
97198
350660
252988
297922
62264
63985
190110
260505
97949
66023
103102
49889
80403
264978
38433
138690
72989
80887
46112
54125
64739
55057
115602
105833
134585
81405
122771
83361
15317
78043
66470
115198
225367
13586
194970
183656
66430
210772
1304
103823
152402
276494
44335
9050
46146
74608
51934
130833
211448
154607
12471
76189
80486
353154
180394
31835
274808
181374
80637
171348
70802
101441
117402
29998
26628
240479
130484
90330
174731
27649
8164
22333
49851
120619
100985
24352
75525
211764
145212
248062
83683
193182
182487
146988
142218
63503
65881
159295
212413
18180
219549
17824
187928
135075
15346
33113
235606
62180
272222
107706
288435
152516
85238
39267
184623
107291
168460
59211
6516
112077
9131
316544
128213
27443
282446
85090
191101
374068
86525
13120
388347
246113
286736
237322
408096
31546
33515
43841
220014
349828
170125
273711
63601
157300
105059
125112
98653
3339
51437
126453
79196
354853
121697
154766
196580
194973
119927
383920
269305
35499
156178
65744
108995
149851
151007
243823
273184
145187
121312
20815
206305
41866
8401
37654
238060
136033
145836
115399
49554
69168
21170
94047
72445
226280
10204
341579
122159
4716
50226
151473
162740
213611
33786
208296
300045
7536
211793
163052
180504
82
179667
34957
194883
144291
34940
14964
18979
89881
142717
51050
52667
34327
85995
63923
36115
199656
39416
266452
111412
94433
22412
14112
6273
15774
130744
210156
165043
23544
95277
47343
61449
26351
113869
147302
56908
35074
103475
174387
147333
170684
190038
216069
204172
125389
98773
128693
89489
45488
14478
50432
27520
138053
211680
36835
86477
125347
16186
232873
16573
91455
274688
23173
89414
3350
16684
30501
38372
187550
7334
76249
48866
2979
155878
11739
20317
5936
108718
51380
25127
191561
11789
30453
3752
158436
164298
69625
175910
89639
3313
150939
73922
6911
173924
17702
2475
33465
181542
170893
90353
53528
180879
82536
190632
259038
187356
43856
24044
28860
178338
28162
66294
8670
19888
190095
153223
71468
115175
15514
18700
63029
32563
139636
30765
164375
31236
26060
29007
82862
173517
70393
38061
162080
84096
42939
168373
195402
1302
6048
17698
7435
118861
114677
14445
144353
77764
9869
73366
67673
2478
51919
70428
44699
57043
43092
10049
23195
142085
20950
21236
62348
121607
5874
29075
36469
26652
40030
17666
73525
15235
13609
5194
4486
32006
10910
31677
3606
23043
11204
16299
33753
78932
2298
20943
72926
18490
3052
42772
20116
27256
17051
17525
17358
11161
19463
77343
38836
51088
30850
28636
15756
51959
13687
62009
23594
3752
32340
20999
5366
40646
37757
54193
33250
13931
56647
14860
43810
66639
70479
142832
9700
56201
52795
4440
60591
43857
29512
53315
2398
14706
56069
14047
49869
50022
112681
17986
84813
62550
3176
31734
77510
4462
177574
98
56382
7710
26732
145993
3403
51549
39152
10842
48427
96047
62997
8535
91642
17066
133205
88019
53367
4376
41745
47515
13967
28258
24974
86244
67199
52960
45244
31244
109523
74687
48477
31519
4508
39184
54609
90848
2225
29026
80426
53759
70216
6155
95505
126155
41150
49780
41411
62471
15061
78490
72798
154026
17164
108585
59634
136144
21444
112504
20970
892
22434
137991
45529
15520
67688
8199
2500
9517
57740
43982
22809
147187
80154
25294
63464
118979
39411
93232
151445
65860
130299
38013
111053
175824
133848
136914
103489
92003
43657
76954
90374
6717
31508
41114
160164
26331
87240
106909
518
20944
71274
116456
13858
66228
185083
60014
6163
6794
91452
86380
19226
128026
110884
33668
131736
124302
30228
129370
85131
30750
122615
6549
11345
31482
595
10705
3431
23417
143965
6654
55530
34419
16285
14829
102470
33590
42551
46309
138656
4036
5246
105804
36337
60057
4649
40400
51018
68205
23825
81109
54180
64510
41449
8208
17418
16044
109065
127235
54976
34208
55755
30050
39958
1506
47931
51057
112
89296
37354
27423
12606
20738
9125
13210
43357
19486
62918
4989
18559
1653
54770
67646
62886
14845
57021
66187
44848
43199
40959
50085
2016
2973
1226
39650
67386
5241
120566
4649
92145
30271
2544
24862
41866
63373
1897
35514
66296
14457
40169
2573
49547
40602
24697
6322
24423
46437
31005
89024
101951
111877
117547
67325
36564
20076
55167
42376
76450
61774
71966
50805
21953
21779
32593
19964
7524
78591
21163
71550
4446
1222
79639
58942
10922
66333
16107
35479
26260
15397
20675
43836
52685
96049
2504
61625
22447
46118
46102
29139
29697
2264
22299
35003
63239
39880
4766
13961
35265
34425
14180
42416
91674
25656
5398
150996
27463
15826
50198
53146
435
50088
7212
73760
94004
97936
2956
48932
62446
95153
49074
110210
533
23164
22520
72886
34116
112897
71098
88579
131928
37492
101030
124792
20019
19786
8389
69974
161158
38202
25159
60622
27409
39153
41083
85715
52618
47
5819
61457
41256
73911
21760
52920
4410
11070
43483
36181
3158
64298
17520
51058
39184
65761
40510
72165
50625
16352
25839
82353
54654
128700
25767
41498
16106
71027
135794
70042
188116
101499
17265
46736
45940
13188
21147
32340
15464
1766
125801
44958
18238
2162
69917
33043
1675
17687
7157
40487
80183
69784
12490
74320
1905
16498
25687
24263
89717
88567
8968
15463
95777
67794
14013
32754
54208
41651
4627
20342
157448
25287
11490
5896
40639
59982
25467
69290
46534
20006
8512
23712
79157
61072
2957
24654
36197
63935
36738
1797
16959
64871
51128
133117
38188
17136
95856
54529
71193
9658
7838
55077
42546
72990
10272
113059
12959
36304
56194
43296
27932
53490
5237
43891
63566
18405
101637
75382
85822
65287
44630
13124
121753
22970
65571
5550
83178
32114
110728
31259
34358
41765
162679
41517
21864
114244
122215
103503
76200
87360
88636
10031
29713
3361
14976
100664
76480
11154
57017
24284
49837
68840
150
137639
168675
95914
97948
147247
78236
59042
79400
96382
18626
23828
38597
24242
45802
15699
33891
124171
27939
65735
18166
123218
120923
31906
55833
109313
112062
63866
221029
92956
68937
66489
73217
32368
32415
62497
10227
104350
64207
40760
51460
33839
55237
48283
3124
59039
138734
5840
144082
5362
82442
77614
59833
49205
40241
44200
44706
7009
13593
7515
102937
115901
39262
102032
24082
96482
11190
60413
8303
28170
54715
71667
41021
24776
2543
52731
9324
36187
56390
3174
15687
32040
34913
133711
5871
10098
93982
74472
65239
22784
118935
31742
7471
45836
46259
13000
75936
13765
1395
109471
83159
46099
88244
33293
17100
75882
2997
933
8166
41774
61622
45542
17474
165215
57311
47549
50142
61125
59874
11340
88733
69450
63639
40379
44286
27594
16515
7430
12907
58184
24210
39693
5683
44315
12307
3693
66045
7651
60596
418
6666
83541
40401
55154
6448
2217
6397
39904
41688
56907
36224
14460
44870
20791
17021
86003
49392
7989
41582
56669
15687
53923
3706
85910
52879
37272
27296
2238
42560
55288
65218
82302
43072
104906
74537
42657
13637
72705
1955
14351
41243
406
71148
32048
68737
58598
28421
89560
31144
5711
89466
53607
9165
10270
28016
142337
10483
123939
92344
52070
36241
5190
130587
50071
53781
39916
33904
37268
52320
12629
78616
12610
20769
4878
24923
9414
28492
104077
68582
50663
3994
24965
14581
47935
4048
6604
74706
28520
88745
12527
54742
33954
62225
40839
4654
3849
33438
133046
37429
90748
51098
72599
19181
53946
59413
84136
90364
47276
16257
155218
73692
81161
38503
34791
30057
47779
94435
22278
72419
44647
126119
83832
21280
48406
22355
4618
34470
67119
39654
33032
46357
77100
119613
59484
23839
75787
71753
156318
69656
55849
98502
16874
56231
24200
148561
101447
55680
46204
30003
31717
15822
4024
41444
42
22481
29173
47876
89731
89311
47403
1822
83684
92076
23937
107206
15419
146905
2352
44131
9081
8225
36976
88292
68613
37235
47838
106570
38993
29143
88786
181273
34580
34063
47011
62175
26138
87760
35688
23103
48084
107978
54025
35430
6996
62097
127051
53169
29384
30718
136103
73873
72809
6515
94329
70382
68561
20446
63782
65163
4399
11859
71662
153445
6457
110338
15803
20452
36375
11795
33413
83324
65949
94084
48248
1695
19102
95070
46665
19579
4756
81817
53880
24721
24292
19196
43350
75310
27389
61297
53111
2267
177255
4772
36863
107812
11515
346
1723
150221
25879
25519
28913
135191
64145
3018
256
1887
5022
19341
3877
3351
1580
272
3939
92
1633
2277
5869
21603
6211
7127
2514
4190
666
5994
5378
4267
4498
10692
3750
14645
12002
10448
13216
15586
5594
20430
2165
8499
815
4877
68
3841
32142
5236
5391
3409
11032
14297
2144
1621
1420
12552
19898
299
10660
21217
27695
11394
4798
11498
515
2338
5860
18170
26301
14397
64
21512
2525
18914
7778
5773
18644
2064
20400
31843
2560
10676
15746
3487
8396
2572
19233
4476
3838
3817
5027
9342
13557
3823
17810
56387
20241
9575
10740
10646
7645
59
8729
16755
10851
9985
37003
24372
18470
13542
1509
3397
8535
4475
10136
1972
9884
14828
26
17975
1547
50366
9502
23436
12294
7245
7663
25623
37436
57205
13430
60748
19681
22279
25940
12825
2955
5589
10872
49250
29660
14402
8757
49084
3571
50794
9754
41853
11483
2520
2702
4975
8111
21996
20068
13475
63133
55635
3752
1990
6714
6649
5514
13535
732
10140
8698
14641
22240
254
18949
34340
13086
55653
10821
3899
15714
11604
40183
46701
1570
11658
15039
8
20967
29911
19271
2642
8853
10239
35393
370
13525
19472
14487
7664
33378
66249
7323
41228
12929
9572
4742
34728
34581
28423
18067
42103
4191
80
46003
27988
5424
9424
19105
3531
23431
35026
1679
29315
51529
44327
226
33837
25198
7418
15747
38041
31427
39547
17603
16821
47889
2946
19341
43878
1024
12953
10197
3205
15761
22337
654
22582
5967
53133
21487
49365
6308
26555
11162
61681
9640
33907
32333
24637
1780
15481
24197
42312
46576
12467
51954
63087
59354
44677
9055
10161
15879
9934
65487
14859
68101
48211
33023
17160
42054
58771
5310
33179
21708
2623
9349
20426
11831
53484
83425
27166
71716
24866
1524
27471
49203
30958
49977
29787
4000
65247
30427
54349
103548
76477
6505
902
17040
31803
65554
48211
76403
40139
64962
46166
24005
18970
5133
5398
17252
26078
20697
6227
72010
22146
2048
20755
67176
7386
62716
26367
16808
19099
45196
5351
91875
12980
20406
21033
25024
11290
41188
73082
49436
31684
57319
61811
24713
49635
70996
31198
13422
18956
24954
28197
10993
2673
63696
23110
88963
21281
20215
12997
42808
8499
8878
58922
2002
97147
19142
434
68589
100799
18950
30595
65336
22067
102219
3322
26238
203
108327
55206
90209
30801
21866
71407
38271
9346
31963
18874
537
12981
48634
29244
11180
78318
3164
49159
41321
62504
33343
32611
27346
18776
31910
68622
40029
29347
46814
52979
40932
22405
2390
51690
79351
73360
46046
90837
17414
87572
23176
58151
1796
22695
142209
106697
65688
37566
66990
28552
50523
50686
120585
20582
56399
42475
8213
50040
68450
40391
1823
6557
18801
4020
70165
28684
34192
24961
10693
49820
30211
42914
35763
33145
10250
452
37924
72425
20152
50718
15608
52443
5021
64896
35174
965
13822
11070
12534
27505
2216
12932
62957
45578
9655
7727
26500
19194
21259
8273
21098
7274
17808
53126
71746
22438
214
2025
8142
19324
8313
19028
39402
17576
43789
20597
14693
3876
23949
6009
10352
32469
14601
12298
11952
10976
4981
28970
18738
36864
13109
17114
28353
11800
6966
2145
11923
25939
39009
8376
18456
17994
35335
9159
