387530
4050
173790
11074
56298
99539
78348
190380
126932
97880
109260
36610
11910
160835
70853
97732
57497
137436
35155
170610
1985
111374
66297
30659
175930
17868
139835
800
50114
76134
1440
208222
93340
75617
92166
101818
186577
42536
87841
4777
46206
51573
106892
144958
60355
41448
64455
129147
40642
30304
201997
26656
13475
46341
95247
93324
4386
85534
66508
117463
68641
39613
48605
78763
68676
19764
124481
40846
203238
67415
116578
130999
118081
63730
62742
25007
153660
75236
5674
80523
69784
46520
113025
25762
165878
81728
92373
67928
26956
46355
157925
142247
2580
61991
100785
34908
96424
7119
104292
43419
99257
14598
162692
33320
31199
125915
47239
29906
3843
47342
44464
46725
190649
40144
162246
25737
49151
54750
22064
83078
51747
69025
106078
79846
95188
110146
101437
29487
146848
13869
144967
135265
93593
40928
57315
819
79723
44298
41168
76153
48670
69589
12023
2880
10251
85152
43679
29428
70801
5179
7859
20455
1759
59304
64118
5210
54462
33217
37303
48634
34480
24022
44585
9290
17744
35194
48633
24820
14049
28729
27827
61408
22890
39400
7805
28074
38056
10330
48159
12135
23831
5480
128049
22814
89182
18970
21602
132414
108968
5675
70460
31305
1741
25004
23148
22924
36062
20475
20127
25889
19518
73498
55437
75917
44156
79218
50849
74382
50653
74519
41430
89622
38933
31860
37414
6133
127877
77853
27501
104423
23994
52388
46821
28822
23041
93528
8762
52434
32183
20500
51053
23462
52170
9743
10995
47286
6893
71968
47295
57723
50796
15137
25676
41808
1170
7112
36592
20554
17416
26767
67520
41612
19887
1616
23199
18977
240
1931
18194
24415
30856
26638
10948
1857
9547
14047
21656
4398
4508
21090
16830
15712
9497
10164
41918
1944
1912
29782
26578
8638
18446
41254
27591
930
8579
39082
852
7562
38117
2697
16432
23290
26910
3793
375
5721
6823
11010
10353
4347
1857
3786
52786
9952
13372
19194
49480
12402
11604
14904
16655
10218
1281
6427
9683
44913
16305
7601
15988
11871
5395
16455
16729
34039
47093
17363
1994
1814
4189
15934
16179
8283
14028
11756
30810
68167
1091
6607
8356
4795
17096
4328
22268
6004
34569
5362
28896
24029
8382
50256
3968
21903
4871
6277
2436
21858
3075
41043
20276
10420
2157
459
24189
21171
22562
9869
33522
22514
15452
5965
28388
25222
10756
15808
30223
16996
14889
32742
20500
12151
5579
37221
22336
3796
6156
22498
1880
18129
1507
10658
